1 0.062953 0.932185 0.107790 0.123250
1 0.443388 0.757041 0.259964 0.240013
1 0.583786 0.665414 0.243659 0.222174
1 0.750906 0.594059 0.219203 0.183253
1 0.819746 0.496757 0.181159 0.147575
1 0.851902 0.428645 0.189312 0.108654
1 0.897645 0.386481 0.161232 0.066490
1 0.902174 0.345127 0.117754 0.077842
1 0.884058 0.975012 0.231884 0.049976
1 0.935236 0.808935 0.129528 0.178388
1 0.966486 0.660549 0.067028 0.102168
1 0.973279 0.580274 0.053442 0.097302
1 0.987772 0.493513 0.024456 0.053516
0 0.269022 0.872033 0.213768 0.255933