1 0.066123 0.934065 0.110507 0.131869
1 0.267210 0.885906 0.221014 0.228187
1 0.445652 0.767731 0.246377 0.279159
1 0.582880 0.686106 0.238225 0.266099
1 0.754529 0.586523 0.208333 0.187738
1 0.831069 0.498367 0.205616 0.128968
1 0.905344 0.327770 0.089674 0.048975
1 0.907609 0.383276 0.112319 0.055505
1 0.884511 0.974062 0.230978 0.051876
1 0.935236 0.817523 0.129528 0.159986
1 0.968297 0.655905 0.063406 0.094685
1 0.978714 0.579993 0.042572 0.057138
1 0.989130 0.506530 0.021739 0.050608
0 0.839221 0.411028 0.125906 0.111011