1 0.067935 0.925162 0.123188 0.149676
1 0.266757 0.876455 0.230978 0.231916
1 0.581975 0.664138 0.230978 0.231916
1 0.749547 0.592276 0.214674 0.176387
1 0.816576 0.488568 0.183877 0.135556
1 0.855525 0.421606 0.153080 0.089827
1 0.894475 0.396291 0.138587 0.117591
1 0.920290 0.339945 0.121377 0.070228
1 0.884058 0.950476 0.231884 0.099047
1 0.933424 0.803777 0.133152 0.181286
1 0.966486 0.660055 0.067028 0.099626
1 0.973279 0.555529 0.053442 0.099626
1 0.989130 0.471419 0.019928 0.081660
0 0.448370 0.773563 0.248188 0.280912