1 0.063859 0.929065 0.104167 0.135408
1 0.260870 0.870318 0.222826 0.259364
1 0.575181 0.676194 0.221014 0.233294
1 0.751359 0.589728 0.223732 0.220242
1 0.821105 0.496737 0.173007 0.158248
1 0.890851 0.386616 0.129529 0.091360
1 0.846467 0.416797 0.145833 0.066888
1 0.915308 0.331963 0.100543 0.073414
1 0.880888 0.963309 0.229167 0.073382
1 0.933424 0.810786 0.133152 0.182720
1 0.964674 0.654170 0.070652 0.101148
1 0.975996 0.550574 0.048007 0.092991
1 0.986866 0.468187 0.026268 0.055468
0 0.442029 0.775711 0.262681 0.262659