1 0.059783 0.932754 0.119565 0.130397
1 0.575634 0.666256 0.225543 0.210265
1 0.745924 0.590463 0.205616 0.156476
1 0.820652 0.501630 0.166667 0.138547
1 0.841033 0.428282 0.138587 0.083128
1 0.892663 0.394868 0.144022 0.114097
1 0.907609 0.330484 0.114130 0.066828
1 0.879982 0.973712 0.240036 0.052576
1 0.927083 0.823547 0.144022 0.185815
1 0.970109 0.664626 0.059782 0.118987
1 0.979167 0.586388 0.041666 0.070088
1 0.988678 0.503260 0.022644 0.066828
0 0.269928 0.878359 0.217391 0.243281
0 0.449275 0.781168 0.248188 0.280353