1 0.071105 0.935847 0.122283 0.128306
1 0.269475 0.877030 0.214674 0.245940
1 0.449728 0.777750 0.238225 0.295722
1 0.587409 0.669917 0.234601 0.236904
1 0.749094 0.589860 0.219203 0.197692
1 0.818388 0.501634 0.176630 0.174819
1 0.884511 0.400337 0.111413 0.112734
1 0.907156 0.343970 0.111413 0.071888
1 0.884058 0.969340 0.231884 0.061319
1 0.934330 0.816144 0.131340 0.202594
1 0.963315 0.656030 0.073370 0.107832
1 0.977355 0.593945 0.045290 0.104565
1 0.990489 0.504085 0.019022 0.065353
1 0.854167 0.421577 0.146739 0.106198