1 0.068388 0.935254 0.115036 0.129492
1 0.274004 0.868055 0.216486 0.256820
1 0.587862 0.662762 0.222826 0.242098
1 0.750453 0.587515 0.223732 0.225740
1 0.818388 0.497546 0.183877 0.134135
1 0.840580 0.434568 0.164855 0.112870
1 0.894475 0.392855 0.133152 0.111234
1 0.918478 0.333966 0.090580 0.068704
1 0.884511 0.955702 0.223732 0.088596
1 0.933877 0.813255 0.132246 0.147222
1 0.968750 0.661126 0.062500 0.121049
1 0.971920 0.551528 0.056159 0.091605
1 0.988678 0.473009 0.022644 0.065432
0 0.441123 0.765817 0.259058 0.251913