1 0.065217 0.933091 0.106884 0.133818
1 0.273098 0.874109 0.207428 0.251782
1 0.444746 0.789177 0.257246 0.285081
1 0.581975 0.676128 0.240036 0.242483
1 0.932518 0.801465 0.133152 0.165478
1 0.825634 0.504915 0.183877 0.172032
1 0.843750 0.435283 0.145833 0.117965
1 0.899909 0.397600 0.134964 0.098304
1 0.905797 0.339437 0.106884 0.057344
1 0.884511 0.951933 0.229167 0.096134
1 0.964221 0.657286 0.071558 0.116326
1 0.982337 0.567994 0.035326 0.055706
1 0.989130 0.486893 0.021739 0.083558
1 0.747736 0.592569 0.216486 0.199885