1 0.065217 0.933458 0.108696 0.120813
1 0.574728 0.664077 0.232790 0.222035
1 0.752264 0.592242 0.205616 0.179587
1 0.813406 0.489388 0.184783 0.124078
1 0.859601 0.431430 0.152174 0.106120
1 0.903080 0.397962 0.139493 0.114283
1 0.918931 0.340820 0.122283 0.058774
1 0.933877 0.822441 0.132246 0.202444
1 0.963768 0.666526 0.072464 0.132241
1 0.978261 0.593059 0.043478 0.079998
1 0.990942 0.497551 0.018116 0.075100
0 0.273551 0.876119 0.219203 0.247762
0 0.445652 0.784074 0.242754 0.282442
0 0.877717 0.954484 0.235507 0.091031