1 0.066123 0.931385 0.112319 0.137230
1 0.269928 0.872424 0.222826 0.255151
1 0.582428 0.650676 0.242754 0.244030
1 0.757246 0.585984 0.233696 0.189983
1 0.818841 0.487717 0.172101 0.124472
1 0.847826 0.418111 0.135870 0.090078
1 0.890399 0.391906 0.128623 0.067149
1 0.907609 0.334584 0.121377 0.060598
1 0.879076 0.969054 0.240036 0.061892
1 0.934783 0.816092 0.130434 0.194896
1 0.965580 0.663778 0.068840 0.122834
1 0.975091 0.558141 0.049818 0.094991
1 0.989583 0.471339 0.020833 0.068787
0 0.431159 0.751400 0.266304 0.268597