1 0.068388 0.931617 0.125906 0.136766
1 0.267210 0.867949 0.210145 0.264102
1 0.444746 0.765283 0.251812 0.257936
1 0.579257 0.653456 0.221920 0.217124
1 0.748188 0.575095 0.219203 0.191003
1 0.827899 0.492654 0.199275 0.120806
1 0.890851 0.367767 0.136775 0.053873
1 0.903533 0.317975 0.105978 0.042445
1 0.884964 0.970797 0.230072 0.058406
1 0.929801 0.814258 0.140398 0.173046
1 0.966938 0.664067 0.066123 0.104481
1 0.977355 0.578360 0.045290 0.083258
1 0.987772 0.508979 0.024456 0.065300
0 0.832880 0.408580 0.153080 0.096318